# Electronic excitation spectrum of , IRREP a   
# singlet excitations
# excitation energy / eV  oscillator strength (length rep.) (veloc. rep.) (mixed rep.) 
 0.37547144818890E+01   0.20322281789369E-04   0.23084242199613E-04   0.21401461753846E-04
 0.41114978467539E+01   0.23476394305536E+00   0.21665777754980E+00   0.22535791124991E+00
 0.44396605214378E+01   0.39208172491949E-02   0.42251732517289E-02   0.40226837337936E-02
 0.46342178906138E+01   0.62606141153179E-01   0.67210781894918E-01   0.64737632697494E-01
 0.52637605606752E+01   0.16385339756682E-01   0.24787953499190E-01   0.19857146534434E-01
 0.53583956639906E+01   0.19375694908088E+00   0.15990532306108E+00   0.17550867428866E+00
 0.59022524039703E+01   0.51130779789435E-02   0.53292368454954E-02   0.51438074600960E-02
 0.59732356841716E+01   0.28525169408518E+00   0.29072052030789E+00   0.28788100425980E+00
 0.61630933697956E+01   0.10317255783241E+00   0.83113072513315E-01   0.92108981959967E-01
 0.62282423546190E+01   0.17468812415317E-01   0.15037953003859E-01   0.16148777741451E-01
 0.65109237422485E+01   0.14402082388818E-01   0.13418617780981E-01   0.13873524101656E-01
 0.65286423013731E+01   0.16543575267899E+00   0.14461861616204E+00   0.15465233099653E+00
 0.66114684429165E+01   0.15673890253909E-02   0.11743338202375E-02   0.13357841142465E-02
 0.69335019893736E+01   0.42474479484807E-02   0.36848874028444E-02   0.39307629155525E-02
 0.70012887621172E+01   0.10563877189939E-01   0.86772926997532E-02   0.95600323110838E-02
