# Electronic excitation spectrum of , IRREP a   
# singlet excitations
# excitation energy / eV  oscillator strength (length rep.) (veloc. rep.) (mixed rep.) 
 0.37584661630030E+01   0.19804505400825E-04   0.22438320229017E-04   0.21063391914735E-04
 0.42713323946748E+01   0.36469234000748E+00   0.37393626073004E+00   0.36928337004729E+00
 0.44342841088103E+01   0.21528356266484E-02   0.26538216991009E-02   0.23640566824267E-02
 0.44942010831011E+01   0.45893372661459E-01   0.41414693374781E-01   0.43525485833075E-01
 0.51333632389780E+01   0.21574645667690E-02   0.19419595080221E-02   0.20449368669635E-02
 0.53094633454839E+01   0.23201634685408E+00   0.16955995797525E+00   0.19817122255441E+00
 0.55365789040444E+01   0.35890961275874E-02   0.57487524788925E-02   0.44569603700549E-02
 0.57108482808279E+01   0.78249805458729E-01   0.81046550589076E-01   0.79157877971793E-01
 0.59416043813042E+01   0.59566391552039E-01   0.58532028091061E-01   0.58923781864529E-01
 0.59980863543549E+01   0.18310247280332E+00   0.17168329276123E+00   0.17718767958612E+00
 0.61087609743875E+01   0.25226773848946E+00   0.21253701591370E+00   0.23154200707285E+00
 0.63017625922656E+01   0.13165112564127E-02   0.96203822285286E-03   0.10987063541065E-02
 0.63450648685213E+01   0.15747147324435E-01   0.10908517557036E-01   0.12893432247092E-01
 0.63479287661657E+01   0.39296368078899E-01   0.29723795844145E-01   0.34163113997463E-01
 0.64066229818304E+01   0.15139108813468E-01   0.14297493556187E-01   0.14705455621060E-01
