# Electronic excitation spectrum of , IRREP a   
# singlet excitations
# excitation energy / eV  oscillator strength (length rep.) (veloc. rep.) (mixed rep.) 
 0.37676879425771E+01   0.62827351100605E-09   0.19791534369662E-08   0.10922468097425E-08
 0.44150129927255E+01   0.43996916370561E+00   0.43539256099559E+00   0.43766982724857E+00
 0.44429365935648E+01   0.73549108413777E-03   0.12178494111154E-02   0.93537384616761E-03
 0.46967915580384E+01   0.10385701320599E-01   0.90407723204924E-02   0.96899309088501E-02
 0.55950378744596E+01   0.92702482345422E-03   0.33995716477984E-02   0.17751876841354E-02
 0.56513467451590E+01   0.23264500767454E-02   0.28216522431491E-03   0.81021177005817E-03
 0.60855973290323E+01   0.30849860415990E+00   0.27911612391475E+00   0.29343983135578E+00
 0.63647183530654E+01   0.19330566101777E-02   0.66414484168593E-02   0.35206034832053E-02
 0.64754950148899E+01   0.11757133289386E-02   0.79584935476625E-03   0.96731106319456E-03
 0.65005466414565E+01   0.83373894927888E-02   0.10242112529363E-01   0.90530991426129E-02
 0.66273519812400E+01   0.85195545402782E-04   0.21379155509250E-03   0.13487850926828E-03
 0.69993969240244E+01   0.24313937563060E-02   0.32495371635056E-02   0.27168332811233E-02
 0.70347336344660E+01   0.60524867378914E+00   0.50475880502515E+00   0.55272015990684E+00
 0.70638849538344E+01   0.12782901439249E-05   0.64817933421729E-06   0.90986178635194E-06
 0.72919172019782E+01   0.90304699258994E-03   0.69302454506610E-03   0.79109653597143E-03
