# Electronic excitation spectrum of , IRREP a'  
# singlet excitations
# excitation energy / eV  oscillator strength (length rep.) (veloc. rep.) (mixed rep.) 
 0.43165343962333E+01   0.58219724562638E-01   0.47417808538099E-01   0.52541358420160E-01
 0.44593284772283E+01   0.41015244844363E+00   0.41498518623438E+00   0.41251713542705E+00
 0.56413183668526E+01   0.27341552664628E-01   0.11015569884439E-01   0.17255958920214E-01
 0.60207305135115E+01   0.34161551072610E+00   0.31853124718253E+00   0.32947376644633E+00
 0.61995816591481E+01   0.71572086300300E-01   0.47490480168602E-01   0.58179472156824E-01
 0.64922719977329E+01   0.54762919432098E+00   0.47374571276581E+00   0.50931242534070E+00
 0.70454036259038E+01   0.10743093238161E-01   0.53146684292976E-02   0.74073697765247E-02
 0.74476969556096E+01   0.44653054225414E-02   0.94354300076015E-02   0.64142007659701E-02
 0.74715577835677E+01   0.12273936742813E-01   0.78914108171642E-02   0.89227084676558E-02
 0.75684049614740E+01   0.28022848344430E-01   0.22296519551560E-01   0.24989648330441E-01
 0.79469287924694E+01   0.50240014333548E-01   0.52052505591204E-01   0.50770935142398E-01
 0.79602220761735E+01   0.34658737109577E+00   0.29102624329183E+00   0.31752360935332E+00
 0.82120762689397E+01   0.41262733635215E-02   0.41148829168834E-02   0.41204648612047E-02
 0.82712539785315E+01   0.30548849054370E-01   0.34637118634657E-01   0.32524405966766E-01
 0.83344199731805E+01   0.15103750391935E-01   0.18384917660661E-01   0.16662674555575E-01
# Electronic excitation spectrum of , IRREP a"  
# singlet excitations
# excitation energy / eV  oscillator strength (length rep.) (veloc. rep.) (mixed rep.) 
 0.37905695547663E+01   0.17625974825498E-07   0.35144251336461E-09   0.24888786417128E-08
 0.44420520957232E+01   0.43436724079480E-03   0.84797275324349E-03   0.60690327490923E-03
 0.59160468695917E+01   0.18013232455476E-02   0.46558741706803E-02   0.28959859067322E-02
 0.60361630564697E+01   0.55599616410239E-04   0.16553640492883E-03   0.95936232029265E-04
 0.64494171863361E+01   0.57196918446987E-04   0.51452625084646E-04   0.54248793542805E-04
 0.66850087681663E+01   0.17853710169039E-02   0.19959972928376E-02   0.18877488488808E-02
 0.68613159259601E+01   0.74116085674065E-02   0.95663244306988E-02   0.84203237532269E-02
 0.71097542621432E+01   0.13853463047975E-02   0.96897476643483E-03   0.11586050285246E-02
 0.71988872190232E+01   0.79025616555679E-06   0.41061150593576E-05   0.18013558066476E-05
 0.74862262774322E+01   0.15545396712505E-02   0.11408374734346E-02   0.13317196067128E-02
 0.75409257057632E+01   0.29034108404358E-02   0.26570961365567E-02   0.27775243881843E-02
 0.76073973165285E+01   0.82045403124711E-04   0.30338188085387E-03   0.15776909936800E-03
 0.76893177449011E+01   0.37202964034896E-03   0.36405043119159E-03   0.36801841120396E-03
 0.78364116724884E+01   0.15270543816800E-02   0.17798123530468E-02   0.16485964491920E-02
 0.78767471615606E+01   0.31793500100698E-02   0.35137357172312E-02   0.33423637874955E-02
