$basis
*
c def2-TZVPD
# c     (12s6p3d1f) / [6s3p3d1f]     {621111/411/111/1}
*
   6  s
  13575.349682      0.22245814352E-03
  2035.2333680      0.17232738252E-02
  463.22562359      0.89255715314E-02
  131.20019598      0.35727984502E-01
  42.853015891      0.11076259931
  15.584185766      0.24295627626
   2  s
  6.2067138508      0.41440263448
  2.5764896527      0.23744968655
   1  s
 0.57696339419       1.0000000000
   1  s
 0.22972831358       1.0000000000
   1  s
 0.95164440028E-01   1.0000000000
   4  p
  34.697232244      0.53333657805E-02
  7.9582622826      0.35864109092E-01
  2.3780826883      0.14215873329
 0.81433208183      0.34270471845
   1  p
 0.28887547253      0.46445822433
   1  p
 0.10056823671      0.24955789874
   1  d
  1.0970000000       1.0000000000
   1  d
 0.31800000000       1.0000000000
   1  f
 0.76100000000       1.0000000000
   1  s
 0.48475401370E-01   1.0000000000
   1  d
 0.90985336424E-01   1.0000000000
*
h def2-TZVPD
# h     (5s2p) / [3s2p]     {311/11}
*
   3  s
  34.061341000      0.60251978000E-02
  5.1235746000      0.45021094000E-01
  1.1646626000      0.20189726000
   1  s
 0.32723041000       1.0000000000
   1  s
 0.10307241000       1.0000000000
   1  p
 0.80000000000       1.0000000000
   1  p
 0.95774129632E-01   1.0000000000
*
n def2-TZVPD
# n     (12s6p3d1f) / [6s3p3d1f]     {621111/411/111/1}
*
   6  s
  19730.800647      0.21887984991E-03
  2957.8958745      0.16960708803E-02
  673.22133595      0.87954603538E-02
  190.68249494      0.35359382605E-01
  62.295441898      0.11095789217
  22.654161182      0.24982972552
   2  s
  8.9791477428      0.40623896148
  3.6863002370      0.24338217176
   1  s
 0.84660076805       1.0000000000
   1  s
 0.33647133771       1.0000000000
   1  s
 0.13647653675       1.0000000000
   4  p
  49.200380510      0.55552416751E-02
  11.346790537      0.38052379723E-01
  3.4273972411      0.14953671029
  1.1785525134      0.34949305230
   1  p
 0.41642204972      0.45843153697
   1  p
 0.14260826011      0.24428771672
   1  d
  1.6540000000       1.0000000000
   1  d
 0.46900000000       1.0000000000
   1  f
  1.0930000000       1.0000000000
   1  s
 0.68441605847E-01   1.0000000000
   1  d
 0.12829642058       1.0000000000
*
o def2-TZVPD
# o     (12s7p3d1f) / [6s4p3d1f]     {621111/4111/111/1}
*
   6  s
  27032.382631      0.21726302465E-03
  4052.3871392      0.16838662199E-02
  922.32722710      0.87395616265E-02
  261.24070989      0.35239968808E-01
  85.354641351      0.11153519115
  31.035035245      0.25588953961
   2  s
  12.260860728      0.39768730901
  4.9987076005      0.24627849430
   1  s
  1.1703108158       1.0000000000
   1  s
 0.46474740994       1.0000000000
   1  s
 0.18504536357       1.0000000000
   4  p
  63.274954801      0.60685103418E-02
  14.627049379      0.41912575824E-01
  4.4501223456      0.16153841088
  1.5275799647      0.35706951311
   1  p
 0.52935117943      0.44794207502
   1  p
 0.17478421270      0.24446069663
   1  d
  2.3140000000       1.0000000000
   1  d
 0.64500000000       1.0000000000
   1  f
  1.4280000000       1.0000000000
   1  s
 0.70288026270E-01   1.0000000000
   1  p
 0.51112745706E-01   1.0000000000
   1  d
 0.14696477366       1.0000000000
*
br def2-TZVPD
# br    (18s14p9d1f) / [7s6p5d1f]     {8421111/641111/51111/1}
*
   8  s
  565073.25256      0.23660314690E-03
  84701.723179      0.18348332508E-02
  19276.271900      0.95465849860E-02
  5456.4284576      0.38877142153E-01
  1776.9503500      0.12718314231
  639.19398276      0.30437662191
  248.78823961      0.44490940497
  98.678305494      0.24381643058
   4  s
  606.07824568     -0.26527158709E-01
  188.45598484     -0.12484584809
  31.497144506      0.56468683559
  13.736008320      0.55555268564
   2  s
  21.203212766     -0.24940920493
  3.7616420178      0.71213119743
   1  s
  1.7735933962       1.0000000000
   1  s
 0.45197413664       1.0000000000
   1  s
 0.16613377099       1.0000000000
   6  p
  3019.6955723      0.24971049798E-02
  715.35481126      0.20419267596E-01
  229.98328751      0.96897148309E-01
  86.167844615      0.28053901252
  34.667870802      0.44606390473
  14.113870307      0.24410073923
   4  p
  57.085653082     -0.21855950710E-01
  8.8193845840      0.32707075320
  3.9340302872      0.57855229520
  1.7998830384      0.33570987698
   1  p
 0.66899410512       1.0000000000
   1  p
 0.27136238231       1.0000000000
   1  p
 0.10083790243       1.0000000000
   5  d
  168.85370257      0.89663981988E-02
  49.977949919      0.62062059316E-01
  18.274913338      0.21474732384
  7.2455694631      0.40335336746
  2.8562315025      0.42208813080
   1  d
  1.0459621144      0.17874813267
   1  d
 0.56865655000       1.0000000000
   1  d
 0.22031490000       1.0000000000
   1  f
 0.57083312000       1.0000000000
   1  s
 0.52769579657E-01   1.0000000000
   1  p
 0.29005224647E-01   1.0000000000
   1  d
 0.75865567476E-01   1.0000000000
*
$end
