# Electronic excitation spectrum of , IRREP a   
# singlet excitations
# excitation energy / eV  oscillator strength (length rep.) (veloc. rep.) (mixed rep.) 
 0.37731181453903E+01   0.10306162840739E-05   0.10280251887733E-05   0.10143936116298E-05
 0.43201474259151E+01   0.35124875276765E+00   0.35210981118701E+00   0.35160961066184E+00
 0.44360501221537E+01   0.44790400090606E-03   0.88902949157362E-03   0.63079578670509E-03
 0.45895315407105E+01   0.64346377164393E-01   0.61322770606856E-01   0.62803936389481E-01
 0.54839784703987E+01   0.62674849542401E-01   0.35794477235483E-01   0.47117019442609E-01
 0.55069626467194E+01   0.14676809228589E-02   0.33663163684492E-02   0.21493374465901E-02
 0.56992793393940E+01   0.62925348328051E-02   0.10292454205582E-01   0.80367646587512E-02
 0.59927787675674E+01   0.29464569469525E+00   0.28554144131823E+00   0.29004467680706E+00
 0.62451152024866E+01   0.10539821063232E+00   0.78845872207272E-01   0.90582769513934E-01
 0.63800651116058E+01   0.12644081440196E-02   0.63606969930472E-03   0.89267378130887E-03
 0.64689772599155E+01   0.75147624960806E-03   0.69542843777137E-03   0.70293840752628E-03
 0.64779636317166E+01   0.34550767544273E-01   0.29453790115295E-01   0.31894294767494E-01
 0.65453160202187E+01   0.28201221894870E+00   0.25886798641400E+00   0.27018685822837E+00
 0.66758922544833E+01   0.13882601731639E-01   0.15438789270773E-01   0.14636364116077E-01
 0.68424373300801E+01   0.38626108228839E-03   0.35616479118696E-03   0.37077126342509E-03
