# Electronic excitation spectrum of , IRREP a   
# singlet excitations
# excitation energy / eV  oscillator strength (length rep.) (veloc. rep.) (mixed rep.) 
 0.37765349077840E+01   0.19530623195361E-05   0.20486035462731E-05   0.19986486810945E-05
 0.42906141053092E+01   0.25961652273216E+00   0.25625490775960E+00   0.25781888530908E+00
 0.43431811815475E+01   0.18590190103807E+00   0.18420616710936E+00   0.18480004456977E+00
 0.44481217682334E+01   0.46121761144347E-03   0.90631759096880E-03   0.64642896880904E-03
 0.54215958459423E+01   0.14474138790437E+00   0.94919751490272E-01   0.11698373331003E+00
 0.56206885878623E+01   0.51862329314179E-02   0.94517533652817E-02   0.69947650199509E-02
 0.59031810400583E+01   0.34218443126226E+00   0.30601987091473E+00   0.32276493619028E+00
 0.60447677467213E+01   0.10902107820134E+00   0.94909831157484E-01   0.10116971116016E+00
 0.62067886135890E+01   0.45648022396775E-04   0.14403883128549E-03   0.80680898024214E-04
 0.63018021203705E+01   0.35659639409613E+00   0.31107934679798E+00   0.33294373700385E+00
 0.63946955847345E+01   0.82741561431726E-02   0.78216962168085E-02   0.80399630265981E-02
 0.64480407283157E+01   0.65484429108677E-02   0.67287781433008E-02   0.66299233060778E-02
 0.64768715730748E+01   0.39213957625784E-02   0.44080292382768E-02   0.41547869621179E-02
 0.65853411294271E+01   0.17795366926905E-02   0.24699693616359E-02   0.20964466422691E-02
 0.67532356040790E+01   0.23393525330456E-04   0.46406433685873E-04   0.30827080245119E-04
