# Electronic excitation spectrum of , IRREP a   
# singlet excitations
# excitation energy / eV  oscillator strength (length rep.) (veloc. rep.) (mixed rep.) 
 0.37594912190659E+01   0.38820239384963E-05   0.38935740976716E-05   0.38840638276432E-05
 0.43637563527787E+01   0.41094886715560E+00   0.40187914603020E+00   0.40638089161454E+00
 0.44395572633304E+01   0.54608149939841E-03   0.10254343734128E-02   0.74508239646387E-03
 0.47208634952221E+01   0.11441975433945E-01   0.12402513227006E-01   0.11911986586827E-01
 0.55097636576923E+01   0.59198369119382E-02   0.91270894381126E-02   0.70375629101900E-02
 0.55822786157777E+01   0.19718099252258E-01   0.72244677919660E-02   0.11318484347933E-01
 0.60419803152980E+01   0.31068463904800E+00   0.28869465406600E+00   0.29948382385789E+00
 0.63221381875250E+01   0.78117193930108E-02   0.74703474402052E-02   0.75601110237552E-02
 0.63642533744409E+01   0.86977202903136E-02   0.90887344693736E-02   0.87169175656327E-02
 0.64278862671154E+01   0.96207342168263E-02   0.91674802392440E-02   0.87818309054009E-02
 0.67190137903658E+01   0.12784239197842E-03   0.27048841738151E-03   0.18506471401936E-03
 0.69527928136110E+01   0.54705530923373E+00   0.45774101892141E+00   0.50040053466334E+00
 0.70112902935933E+01   0.62552866804550E-01   0.52874196775491E-01   0.57509712387308E-01
 0.70797357900923E+01   0.22142559510155E-03   0.57653329681996E-03   0.34278007975421E-03
 0.71562099845374E+01   0.97192430047201E-05   0.10142386152964E-04   0.97331695409644E-05
