# Electronic excitation spectrum of , IRREP a   
# singlet excitations
# excitation energy / eV  oscillator strength (length rep.) (veloc. rep.) (mixed rep.) 
 0.37759287498873E+01   0.17485543594217E-05   0.17732515053259E-05   0.17445207493039E-05
 0.43398285791728E+01   0.33358158729397E+00   0.33284585667808E+00   0.33318301624261E+00
 0.44173628343489E+01   0.10075056285455E+00   0.96850966239725E-01   0.98675100331880E-01
 0.44411614044763E+01   0.50616443140845E-03   0.91661198724662E-03   0.67950422077345E-03
 0.54324437668426E+01   0.32967023887775E-02   0.33140768631017E-02   0.32937531620722E-02
 0.55580406079120E+01   0.45920951730681E-01   0.28475267263479E-01   0.36118405205568E-01
 0.57818831471712E+01   0.99635975940628E-02   0.14325987757579E-01   0.11740620366146E-01
 0.58365834554036E+01   0.41340222990024E-01   0.51324969406191E-01   0.45726446178604E-01
 0.60573366425027E+01   0.25975579711933E+00   0.23143139780100E+00   0.24517643613505E+00
 0.61541218848084E+01   0.51517440772757E-03   0.34840404092668E-03   0.40750726104274E-03
 0.61663109871188E+01   0.22209205418455E-03   0.43155712734770E-03   0.30869275037331E-03
 0.63721945577880E+01   0.45753166816918E-02   0.41914545195703E-02   0.43662738268321E-02
 0.64239991735407E+01   0.33847946800241E+00   0.30413989200897E+00   0.32060530996001E+00
 0.64831795850560E+01   0.11045292110067E-01   0.11206285254198E-01   0.11059585096229E-01
 0.65673239376713E+01   0.34377895629467E-02   0.39666308552208E-02   0.36890979054692E-02
