$coord
   -1.09535506415427     -1.79599235199673      0.00000000000000      c
   -3.18255956214319     -0.25752972208205      0.00000000000000      c
   -2.93255234745058      2.36309776811600      0.00000000000000      c
   -0.57697136291959      3.41479378026843      0.00000000000000      c
    1.61804786910578      1.90286708154379      0.00000000000000      c
    1.31841829808878     -0.75954937770480      0.00000000000000      c
   -1.33975984558325     -3.81899886593254      0.00000000000000      h
   -4.60958659154885      3.52505200581360      0.00000000000000      h
   -0.36685494407825      5.44905374561231      0.00000000000000      h
   -5.69342495550074     -1.37754936838237      0.00000000000000      n
   -7.49541643304617      0.04831109525953      0.00000000000000      o
   -5.85365479653144     -3.66739365932983      0.00000000000000      o
    3.90639613951923      3.00403068136650      0.00000000000000      n
    4.05403643601686      4.89326210297429      0.00000000000000      h
    5.46358476484426      1.90375362757010      0.00000000000000      h
    3.53937373780542     -2.41936919937690      0.00000000000000      c
    5.71917481627727     -1.71426615644050      0.00000000000000      o
    2.97132123082744     -4.88944578025217      0.00000000000000      o
    4.55578261047131     -5.80412740702667      0.00000000000000      h
$redundant
     number_of_atoms            19
     degrees_of_freedom         35
     internal_coordinates       35
     frozen_coordinates          0
# definitions of redundant internals
   1 k  0.8163299588100 bend   15   14   13      val=   0.57212
       -0.4224495431718 bend    5   14   13
       -0.3938804156381 bend    5   15   13
   2 k  1.0000000000000 stre   10   11           val=   2.29788
   3 k  1.0000000000000 stre   13   14           val=   1.89499
   4 k  1.0000000000000 stre   13   15           val=   1.90668
   5 k  1.0000000000000 stre    4    9           val=   2.04508
   6 k  1.0000000000000 stre   16   17           val=   2.29100
   7 k  1.0000000000000 stre   18   19           val=   1.82952
   8 k  1.0000000000000 stre    2   10           val=   2.74934
   9 k  1.0000000000000 stre   16   18           val=   2.53455
  10 k  1.0000000000000 stre    6   16           val=   2.77266
  11 k  1.0000000000000 stre    3    4           val=   2.57969
  12 k  1.0000000000000 stre    4    5           val=   2.66534
  13 k  1.0000000000000 stre    5    6           val=   2.67922
  14 k  1.0000000000000 stre    6    1           val=   2.62688
  15 k  1.0000000000000 stre    2    3           val=   2.63253
  16 k  1.0000000000000 stre    5   13           val=   2.53951
  17 k  1.0000000000000 stre    1    7           val=   2.03772
  18 k  1.0000000000000 stre    3    8           val=   2.04024
  19 k  1.0000000000000 stre    1    2           val=   2.59293
  20 k  1.0000000000000 stre   10   12           val=   2.29544
  21 k -1.0000000000000 bend    1    3    2      val=  -0.66164
        1.0000000000000 bend    2    4    3
       -1.0000000000000 bend    3    5    4
        1.0000000000000 bend    4    6    5
       -1.0000000000000 bend    5    1    6
        1.0000000000000 bend    6    2    1
  22 k  0.7071067811865 bend    4    8    3      val=   0.97845
       -0.7071067811865 bend    2    8    3
  23 k  0.7071067811865 bend    2    7    1      val=  -0.31088
       -0.7071067811865 bend    6    7    1
  24 k  0.7071067811865 bend    3    9    4      val=   0.64725
       -0.7071067811865 bend    5    9    4
  25 k -0.8164741183720 bend   11   12   10      val=  -3.26169
        0.4134821065211 bend    2   12   10
        0.4029920118509 bend    2   11   10
  26 k  0.0164943934721 bend   15   14   13      val=   0.56047
        0.6987152854637 bend    5   14   13
       -0.7152096789358 bend    5   15   13
  27 k -0.7071067811865 bend   18   17   16      val=   2.21322
        0.7071067811865 bend    6   17   16
  28 k  0.7071067811865 bend    4   13    5      val=  -1.18712
       -0.7071067811865 bend    6   13    5
  29 k -0.5000000000000 bend    1    3    2      val=   0.65623
       -0.5000000000000 bend    2    4    3
        1.0000000000000 bend    3    5    4
       -0.5000000000000 bend    4    6    5
       -0.5000000000000 bend    5    1    6
        1.0000000000000 bend    6    2    1
  30 k -0.0060564589817 bend   11   12   10      val=  -0.24517
       -0.7040590985518 bend    2   12   10
        0.7101155575335 bend    2   11   10
  31 k  0.8660254037844 bend    1    3    2      val=  -0.02147
       -0.8660254037844 bend    2    4    3
        0.8660254037844 bend    4    6    5
       -0.8660254037844 bend    5    1    6
  32 k  1.0000000000000 bend   16   19   18      val= 107.04575
  33 k  0.7071067811865 bend    1   10    2      val=   0.03824
       -0.7071067811865 bend    3   10    2
  34 k -0.7071067811865 bend    1   16    6      val=   0.18091
        0.7071067811865 bend    5   16    6
  35 k  1.0000000000000 bend    6   18   16      val= 113.82108
        35 non zero eigenvalues  of BmBt
           1           4.628734501    1    0
         1
           2           4.495081623    2    0
         2
           3           4.079659226    3    0
         3
           4           3.923673072    4    0
         4
           5           3.699572028    5    0
         5
           6           3.600467972    6    0
         6
           7           3.386994211    7    0
         7
           8           3.303357236    8    0
         8
           9           3.009978823    9    0
         9
          10           2.897791741   10    0
        10
          11           2.637247520   11    0
        11
          12           2.451491911   12    0
        12
          13           2.250662594   13    0
        13
          14           1.963317800   14    0
        14
          15           1.656614299   15    0
        15
          16           1.596846207   16    0
        16
          17           1.302854950   17    0
        17
          18           1.275586453   18    0
        18
          19           1.065606055   19    0
        19
          20           0.948127101   20    0
        20
          21           0.933700877   21    0
        21
          22           0.797146294   22    0
        22
          23           0.441214438   23    0
        23
          24           0.381238970   24    0
        24
          25           0.375089535   25    0
        25
          26           0.346303072   26    0
        26
          27           0.310932528   27    0
        27
          28           0.282006234   28    0
        28
          29           0.254616326   29    0
        29
          30           0.183849075   30    0
        30
          31           0.137601820   31    0
        31
          32           0.117571965   32    0
        32
          33           0.083673748   33    0
        33
          34           0.042719561   34    0
        34
          35           0.021165669   35    0
        35
$user-defined bonds
$end
