# Electronic excitation spectrum of , IRREP a'  
# singlet excitations
# excitation energy / eV  oscillator strength (length rep.) (veloc. rep.) (mixed rep.) 
 0.40789888838883E+01   0.78617058673767E-01   0.71890189991038E-01   0.75101962380025E-01
 0.43539674539630E+01   0.40532475652102E+00   0.40808490768823E+00   0.40667593446732E+00
 0.56152396504231E+01   0.40835923822382E-01   0.24517060955153E-01   0.31641146584707E-01
 0.58827965264246E+01   0.18432103417262E+00   0.19206941494448E+00   0.18729743267709E+00
 0.61079654426410E+01   0.16547413330148E+00   0.14290881921746E+00   0.15370227588246E+00
 0.62777769056310E+01   0.51491043774841E+00   0.45098796628849E+00   0.48182307886171E+00
 0.69017706410014E+01   0.70553885874992E-02   0.50916621999355E-02   0.55876381892879E-02
 0.70416810336603E+01   0.32419513402301E-01   0.41395110401536E-01   0.36531631650422E-01
 0.72449131296263E+01   0.51311990888206E-01   0.69645177974430E-01   0.59244780965977E-01
 0.73114752051698E+01   0.27124936227175E-01   0.38685794958022E-01   0.31668460061543E-01
 0.73441709258900E+01   0.12035187683092E-01   0.19001761631225E-01   0.15122490613587E-01
 0.74197984542748E+01   0.55816031413245E-02   0.11153132778373E-01   0.77952344543928E-02
 0.76574534220657E+01   0.11676627512032E+00   0.10409251301633E+00   0.11004617210863E+00
 0.78384578458598E+01   0.21605998510266E+00   0.18859891032272E+00   0.20183935178805E+00
 0.78528953082694E+01   0.37856171030838E-01   0.46552521884645E-01   0.41955846041275E-01
# Electronic excitation spectrum of , IRREP a"  
# singlet excitations
# excitation energy / eV  oscillator strength (length rep.) (veloc. rep.) (mixed rep.) 
 0.37883165079309E+01   0.90791529334604E-09   0.24746961266808E-07   0.47400574466959E-08
 0.44530894681074E+01   0.45779255372076E-03   0.86698004785043E-03   0.62999762708315E-03
 0.50808580433736E+01   0.54580635675074E-05   0.16386047246312E-03   0.29905866897743E-04
 0.58306246968827E+01   0.49027854048099E-03   0.19343492955375E-02   0.97384287716066E-03
 0.58989372719713E+01   0.63624687402280E-04   0.19047773508647E-03   0.11008672196033E-03
 0.63399577641640E+01   0.20718817667515E-04   0.20709828004918E-04   0.20714322348546E-04
 0.63702868805148E+01   0.33989131165543E-08   0.28290237732033E-05   0.98059196456960E-07
 0.64910495911725E+01   0.34255348743034E-03   0.31630452327020E-03   0.32916746123546E-03
 0.67190367067788E+01   0.93790463361515E-02   0.11604418900110E-01   0.10432563566461E-01
 0.70262097860966E+01   0.43378479163363E-04   0.10862998453335E-05   0.68645491626152E-05
 0.72606444144546E+01   0.14467432937767E-04   0.28259831882226E-04   0.20219970884961E-04
 0.75418051879913E+01   0.27281813758963E-02   0.28242000638315E-02   0.27757755701696E-02
 0.76106123992771E+01   0.19304419855636E-03   0.49346136082552E-04   0.97601154152548E-04
 0.76241631105460E+01   0.17518317310951E-03   0.11418185497028E-03   0.14143104208490E-03
 0.77186523395444E+01   0.13219353934930E-01   0.12598025218658E-01   0.12904950764982E-01
