# Electronic excitation spectrum of , IRREP a   
# singlet excitations
# excitation energy / eV  oscillator strength (length rep.) (veloc. rep.) (mixed rep.) 
 0.37814428412763E+01   0.30727475012858E-05   0.31683075365443E-05   0.31125588558980E-05
 0.44400792889938E+01   0.10353273166688E-02   0.14380056557250E-02   0.12026757403592E-02
 0.44589271961659E+01   0.44138054965995E+00   0.43278406928278E+00   0.43703175523146E+00
 0.45771337212074E+01   0.29002833540524E-01   0.26487055707350E-01   0.27623905756967E-01
 0.57170963426848E+01   0.92815997587973E-03   0.44118766544168E-02   0.13039360731875E-02
 0.59582046707703E+01   0.76628627124240E-03   0.24896993546851E-02   0.13784356354405E-02
 0.61292896933344E+01   0.32419255974021E+00   0.29453308994457E+00   0.30900496651605E+00
 0.62897133811775E+01   0.94706097066729E-03   0.22747511448280E-02   0.95560204969133E-03
 0.63045951721374E+01   0.13447099542250E-03   0.29626307627491E-03   0.19860278992319E-03
 0.67221851468726E+01   0.52686734257510E-02   0.53415646610945E-02   0.52672414655506E-02
 0.67309155355823E+01   0.29909078991967E-04   0.20442540219687E-04   0.24683568035950E-04
 0.68674074426101E+01   0.38378693833837E-02   0.50081289502508E-02   0.43508273332109E-02
 0.69230861282303E+01   0.56783832181094E+00   0.49055214543672E+00   0.52770609143801E+00
 0.71998133973069E+01   0.16030766583947E-04   0.16147154640775E-04   0.15812611716372E-04
 0.73242583337559E+01   0.46402851773754E-01   0.26282582786412E-01   0.34855916324331E-01
