# Electronic excitation spectrum of , IRREP a   
# singlet excitations
# excitation energy / eV  oscillator strength (length rep.) (veloc. rep.) (mixed rep.) 
 0.37738519555428E+01   0.12492875878511E-05   0.12565857194094E-05   0.12404281821697E-05
 0.43359628907320E+01   0.36640368083256E+00   0.36455251956312E+00   0.36543548590993E+00
 0.44392558965981E+01   0.45487976614498E-03   0.89985788084906E-03   0.63942642386041E-03
 0.46166030439342E+01   0.56583108326681E-01   0.54184603158604E-01   0.55359645437505E-01
 0.55314297041089E+01   0.42014279243968E-01   0.20570017314921E-01   0.29112221573905E-01
 0.57015311631687E+01   0.55859054841634E-02   0.10051287078656E-01   0.74794972017800E-02
 0.60181428404479E+01   0.29912899394217E+00   0.28477816187705E+00   0.29186336473705E+00
 0.60780343354893E+01   0.26572822151720E-02   0.35289155787611E-02   0.30363696013249E-02
 0.63242232185434E+01   0.47892846273801E-01   0.33871700813387E-01   0.39565918689538E-01
 0.65151750297533E+01   0.39408196739440E-02   0.29505890730439E-02   0.33704623059967E-02
 0.65191661134612E+01   0.39034543895952E-02   0.28081504953965E-02   0.33049597279038E-02
 0.66879900703703E+01   0.47669121431813E+00   0.41722852451486E+00   0.44595873789690E+00
 0.67916820004441E+01   0.91062338378544E-02   0.84172850392318E-02   0.87538067294015E-02
 0.69320000143439E+01   0.68682178896359E-04   0.70166151152636E-04   0.69367488242180E-04
 0.70817409280249E+01   0.47619720535076E-02   0.44407064251517E-02   0.45979222407755E-02
