# Electronic excitation spectrum of , IRREP a   
# singlet excitations
# excitation energy / eV  oscillator strength (length rep.) (veloc. rep.) (mixed rep.) 
 0.37535706214713E+01   0.97400225849791E-05   0.99338371841176E-05   0.98274892859413E-05
 0.40456773530813E+01   0.34209730074662E+00   0.33341647323631E+00   0.33765083008703E+00
 0.44458950513462E+01   0.49575123486237E-03   0.97361072834020E-03   0.69450389626416E-03
 0.46209963589404E+01   0.22932811094161E-01   0.27469542928092E-01   0.24926384033207E-01
 0.53076712930723E+01   0.25880692615609E-01   0.23358941323529E-01   0.24011337586007E-01
 0.53663083200869E+01   0.10766283207469E+00   0.90213167548990E-01   0.97957247958006E-01
 0.59555140125884E+01   0.19293727256254E+00   0.19525948837711E+00   0.19408689948154E+00
 0.59821458632781E+01   0.77453894911064E-01   0.78826290911612E-01   0.78134475566978E-01
 0.61047622246149E+01   0.41501968799279E-02   0.59143363224260E-02   0.49532300897253E-02
 0.61988135553660E+01   0.52494471329105E-01   0.62610064292993E-01   0.56732044033962E-01
 0.64950201808598E+01   0.10102855987357E-02   0.12404560120799E-02   0.10271698551779E-02
 0.66341045702198E+01   0.14750816859764E+00   0.12826973806022E+00   0.13733961141861E+00
 0.66816214943230E+01   0.19409503399689E+00   0.16899669412678E+00   0.18071844504009E+00
 0.69330687982668E+01   0.25271425428109E-02   0.20519937370947E-02   0.22756815689059E-02
 0.69589831366921E+01   0.21728768996270E-01   0.15302725797619E-01   0.18212283430603E-01
