$coord
   -0.90731638031852     -2.11488323056566      0.00000000000000      c
   -2.93154858951010     -0.50640284595475      0.00000000000000      c
   -2.58695491269296      2.10485591116637      0.00000000000000      c
   -0.19743835855646      3.06864280848709      0.00000000000000      c
    1.96424876899411      1.49950425429241      0.00000000000000      c
    1.52134777818344     -1.13477227419647      0.00000000000000      c
   -1.18005747282998     -4.13414425060756      0.00000000000000      h
   -4.21990473739018      3.32781168003674      0.00000000000000      h
    0.08386564996208      5.09392062204760      0.00000000000000      h
   -5.48495088662940     -1.54121723537037      0.00000000000000      n
   -7.22845991350921     -0.04737085051421      0.00000000000000      o
   -5.71911329573513     -3.82096657154323      0.00000000000000      o
    4.26316287611288      2.56771335480427      0.00000000000000      n
    4.42005402462401      4.45694358576287      0.00000000000000      h
    5.80890875622266      1.46098400121507      0.00000000000000      h
    3.57881533787293     -2.95223922928786      0.00000000000000      n
    5.75059685332294     -2.14910484802072      0.00000000000000      o
    3.06474450187691     -5.17927488175160      0.00000000000000      o
$redundant
     number_of_atoms            18
     degrees_of_freedom         33
     internal_coordinates       33
     frozen_coordinates          0
# definitions of redundant internals
   1 k -0.8164786987326 bend   15   14   13      val=  -0.64056
        0.4129191877087 bend    5   14   13
        0.4035595110239 bend    5   15   13
   2 k  1.0000000000000 stre   10   12           val=   2.29174
   3 k  1.0000000000000 stre   10   11           val=   2.29595
   4 k  1.0000000000000 stre   13   15           val=   1.90110
   5 k  1.0000000000000 stre    1    7           val=   2.03760
   6 k  1.0000000000000 stre   16   17           val=   2.31553
   7 k  1.0000000000000 stre    2   10           val=   2.75512
   8 k  1.0000000000000 stre    5   13           val=   2.53497
   9 k  1.0000000000000 stre    6   16           val=   2.74524
  10 k  1.0000000000000 stre    2    3           val=   2.63390
  11 k  1.0000000000000 stre    3    4           val=   2.57656
  12 k  1.0000000000000 stre    4    5           val=   2.67116
  13 k  1.0000000000000 stre   16   18           val=   2.28560
  14 k  1.0000000000000 stre    1    2           val=   2.58548
  15 k  1.0000000000000 stre   13   14           val=   1.89573
  16 k  1.0000000000000 stre    3    8           val=   2.04013
  17 k  1.0000000000000 stre    4    9           val=   2.04472
  18 k  1.0000000000000 stre    5    6           val=   2.67125
  19 k  1.0000000000000 stre    6    1           val=   2.61897
  20 k -1.0000000000000 bend    1    3    2      val=  -1.51096
        1.0000000000000 bend    2    4    3
       -1.0000000000000 bend    3    5    4
        1.0000000000000 bend    4    6    5
       -1.0000000000000 bend    5    1    6
        1.0000000000000 bend    6    2    1
  21 k -0.7071067811865 bend    2    7    1      val=  -0.55467
        0.7071067811865 bend    6    7    1
  22 k -0.7071067811865 bend    4    8    3      val=  -0.94527
        0.7071067811865 bend    2    8    3
  23 k  0.7071067811865 bend    3    9    4      val=   0.90299
       -0.7071067811865 bend    5    9    4
  24 k  0.8164521999628 bend   11   12   10      val=   3.54159
       -0.4155986085008 bend    2   12   10
       -0.4008535914620 bend    2   11   10
  25 k -0.8160616476532 bend   17   18   16      val=  -2.46654
        0.4311076611778 bend    6   18   16
        0.3849539864754 bend    6   17   16
  26 k -0.0054038118535 bend   15   14   13      val=  -0.10148
       -0.7043893888246 bend    5   14   13
        0.7097932006781 bend    5   15   13
  27 k  0.7071067811865 bend    4   13    5      val=  -2.68195
       -0.7071067811865 bend    6   13    5
  28 k -0.0266468365135 bend   17   18   16      val=  -0.19357
       -0.6934066996651 bend    6   18   16
        0.7200535361786 bend    6   17   16
  29 k -0.5000000000000 bend    1    3    2      val=   0.60388
       -0.5000000000000 bend    2    4    3
        1.0000000000000 bend    3    5    4
       -0.5000000000000 bend    4    6    5
       -0.5000000000000 bend    5    1    6
        1.0000000000000 bend    6    2    1
  30 k  0.0085130395566 bend   11   12   10      val=   0.32919
        0.7028118263652 bend    2   12   10
       -0.7113248659218 bend    2   11   10
  31 k  0.8660254037844 bend    1    3    2      val=  -0.90491
       -0.8660254037844 bend    2    4    3
        0.8660254037844 bend    4    6    5
       -0.8660254037844 bend    5    1    6
  32 k -0.7071067811865 bend    1   10    2      val=   0.05551
        0.7071067811865 bend    3   10    2
  33 k -0.7071067811865 bend    1   16    6      val=   2.67238
        0.7071067811865 bend    5   16    6
        33 non zero eigenvalues  of BmBt
           1           4.634526318    1    0
         1
           2           4.534260395    2    0
         2
           3           4.080360482    3    0
         3
           4           3.935643279    4    0
         4
           5           3.761656578    5    0
         5
           6           3.583912369    6    0
         6
           7           3.378262300    7    0
         7
           8           3.304430673    8    0
         8
           9           2.950277667    9    0
         9
          10           2.883497861   10    0
        10
          11           2.593522690   11    0
        11
          12           2.442828831   12    0
        12
          13           2.112318299   13    0
        13
          14           1.661837268   14    0
        14
          15           1.595884644   15    0
        15
          16           1.300053486   16    0
        16
          17           1.224468561   17    0
        17
          18           1.004694174   18    0
        18
          19           0.946347529   19    0
        19
          20           0.831132336   20    0
        20
          21           0.775566988   21    0
        21
          22           0.442812538   22    0
        22
          23           0.401493795   23    0
        23
          24           0.380930742   24    0
        24
          25           0.350022913   25    0
        25
          26           0.338315084   26    0
        26
          27           0.290238990   27    0
        27
          28           0.202422693   28    0
        28
          29           0.158683384   29    0
        29
          30           0.118826355   30    0
        30
          31           0.103294640   31    0
        31
          32           0.044195092   32    0
        32
          33           0.036668118   33    0
        33
$user-defined bonds
$end
