# Electronic excitation spectrum of , IRREP a'  
# singlet excitations
# excitation energy / eV  oscillator strength (length rep.) (veloc. rep.) (mixed rep.) 
 0.38764117163662E+01   0.10333823057857E+00   0.89603616681587E-01   0.96168370395699E-01
 0.44988771524662E+01   0.37447899283956E+00   0.37705345206965E+00   0.37568983741500E+00
 0.54199366055901E+01   0.15462738674042E+00   0.11802524398123E+00   0.13489756762511E+00
 0.57175780966411E+01   0.89023133113342E-01   0.79653140636375E-01   0.83532002823881E-01
 0.58252516304465E+01   0.26482526357112E-01   0.38348372183224E-01   0.31683193390058E-01
 0.59550725987164E+01   0.34224097438106E+00   0.32577628262909E+00   0.33353959416366E+00
 0.61689532944447E+01   0.21228542066726E+00   0.18526358885448E+00   0.19828958355625E+00
 0.66061071832092E+01   0.20194966422378E-01   0.25579264601264E-01   0.22386962482115E-01
 0.67535371595035E+01   0.21599035559750E-01   0.26926676759381E-01   0.24063818834583E-01
 0.71434139542406E+01   0.87101537250783E-02   0.87819647858567E-02   0.87374872937605E-02
 0.72737553216112E+01   0.96897172812693E-01   0.81725936554621E-01   0.88861424541137E-01
 0.75019713187266E+01   0.15361907721314E-01   0.22099317039857E-01   0.18280031966374E-01
 0.75792938564223E+01   0.39403610574899E-01   0.21798346674021E-01   0.29269478348654E-01
 0.76842056609111E+01   0.40942808795784E-01   0.21834429096641E-01   0.29844963082309E-01
 0.76917666395586E+01   0.31372035045503E+00   0.28240219809812E+00   0.29762972257092E+00
# Electronic excitation spectrum of , IRREP a"  
# singlet excitations
# excitation energy / eV  oscillator strength (length rep.) (veloc. rep.) (mixed rep.) 
 0.37907690567366E+01   0.42014520234712E-07   0.14989671784161E-05   0.25095494983907E-06
 0.37961347577466E+01   0.22111534424962E-05   0.16144636427308E-04   0.59748027929039E-05
 0.44353713557320E+01   0.18901058788455E-03   0.36825032426845E-03   0.26382420336022E-03
 0.44673719347751E+01   0.72881435466489E-03   0.13944109020268E-02   0.10081005315435E-02
 0.56385248428149E+01   0.48687106065830E-04   0.13545042892275E-03   0.81207692983017E-04
 0.60506918297123E+01   0.68160849982192E-05   0.17539118572069E-05   0.34575731804413E-05
 0.60761847356523E+01   0.57127090702183E-03   0.20439875510264E-02   0.10805880909098E-02
 0.62216570841237E+01   0.23051671868031E-04   0.40645898277713E-04   0.30609735540824E-04
 0.66649908619345E+01   0.11257280271648E-04   0.20196877145704E-04   0.15078524683842E-04
 0.67856392152912E+01   0.63914196056686E-03   0.59360659434619E-03   0.61595363666094E-03
 0.69450380374100E+01   0.70530378323205E-02   0.91516980342523E-02   0.80341317182104E-02
 0.69760172782763E+01   0.38393432452692E-04   0.11483027165458E-03   0.66398255084710E-04
 0.71414651154122E+01   0.19322778498680E-04   0.39545359178341E-04   0.27642832996164E-04
 0.74106414165564E+01   0.46915873257069E-03   0.65022119025985E-03   0.55231960811917E-03
 0.75568086686849E+01   0.91971298541227E-03   0.13897965863962E-02   0.11305812520957E-02
