# Electronic excitation spectrum of , IRREP a   
# singlet excitations
# excitation energy / eV  oscillator strength (length rep.) (veloc. rep.) (mixed rep.) 
 0.37854428550908E+01   0.68399507973962E-07   0.11608872977212E-06   0.76554049363640E-07
 0.42964964671166E+01   0.86282811591347E-01   0.77655896357797E-01   0.81854785226014E-01
 0.44283102667200E+01   0.10939668111637E-02   0.14898085577780E-02   0.12608813627486E-02
 0.45227834170539E+01   0.38014890382647E+00   0.37892011326543E+00   0.37941714240985E+00
 0.57231937313288E+01   0.20114160803512E-02   0.14052515152295E-03   0.84744784608108E-04
 0.58903132357814E+01   0.24155333322086E-02   0.27277989079364E-02   0.25549847123806E-02
 0.59986278908812E+01   0.11194468052011E+00   0.11576108401044E+00   0.11358724494744E+00
 0.60477759777744E+01   0.10687510025886E+00   0.10840668800004E+00   0.10741625554210E+00
 0.61127908966213E+01   0.58402221613902E-01   0.48831125232255E-01   0.53214080546709E-01
 0.62268657098973E+01   0.71834142048730E-01   0.52935106230539E-01   0.61423222068424E-01
 0.63822468088431E+01   0.13125514417358E-01   0.13778922487941E-01   0.13348825528466E-01
 0.65408406792936E+01   0.29927993883798E+00   0.24997075740980E+00   0.27334431350822E+00
 0.66034784240910E+01   0.48189689963250E-02   0.37356306510501E-02   0.42394797348759E-02
 0.67246382827466E+01   0.43697745410112E-01   0.46259639828398E-01   0.44739199996037E-01
 0.67648864572472E+01   0.11235138616425E+00   0.10602342422772E+00   0.10912493513740E+00
