# Electronic excitation spectrum of , IRREP a   
# singlet excitations
# excitation energy / eV  oscillator strength (length rep.) (veloc. rep.) (mixed rep.) 
 0.37600940645893E+01   0.74806580385963E-05   0.74718618819174E-05   0.74563281108443E-05
 0.41110385456739E+01   0.35771788390097E+00   0.34478092682839E+00   0.35115069506568E+00
 0.44446184769811E+01   0.48241816885513E-03   0.96243217164994E-03   0.68118150849845E-03
 0.46402624817796E+01   0.23419649221378E-01   0.27604287931567E-01   0.25340680511914E-01
 0.53172882259028E+01   0.60874608549490E-02   0.97076773419866E-02   0.72577054387362E-02
 0.54118348066632E+01   0.81207381919165E-01   0.60628047339631E-01   0.69184561940488E-01
 0.58433887821546E+01   0.12072797017948E-02   0.15511445468505E-02   0.13682085079678E-02
 0.59856940390918E+01   0.25749939843361E+00   0.25449328826720E+00   0.25599045896096E+00
 0.62527925998939E+01   0.70673073172386E-02   0.82787054576443E-02   0.76312479263132E-02
 0.63241161751551E+01   0.49799204796616E-01   0.45659363351727E-01   0.47031344755393E-01
 0.65460904967660E+01   0.39207849801001E-02   0.29012674074852E-02   0.33670136020456E-02
 0.66696776117007E+01   0.17827011566151E-01   0.16242859752714E-01   0.16922029798559E-01
 0.67307754152382E+01   0.40415458623507E+00   0.34698444811944E+00   0.37417760233254E+00
 0.69009595772550E+01   0.81978156024816E-04   0.20556279251442E-03   0.12951602048589E-03
 0.71295373936272E+01   0.57380820090546E-02   0.47322696216957E-02   0.51959954559842E-02
