# Electronic excitation spectrum of , IRREP a   
# singlet excitations
# excitation energy / eV  oscillator strength (length rep.) (veloc. rep.) (mixed rep.) 
 0.37697665787284E+01   0.23500082767075E-05   0.23628954125942E-05   0.23523363322227E-05
 0.43765765415912E+01   0.40820824061924E+00   0.39493880723847E+00   0.40151293323982E+00
 0.44402330580385E+01   0.48802586814034E-03   0.94977477575586E-03   0.67861027948436E-03
 0.47605857244063E+01   0.21710440222655E-01   0.22196697903638E-01   0.21918548967345E-01
 0.56139417825077E+01   0.15160392125642E-01   0.68763194440395E-02   0.91979155176252E-02
 0.56952400584578E+01   0.24772012533263E-02   0.70031950385195E-02   0.40763195941057E-02
 0.60679993285892E+01   0.29873529543857E+00   0.27777694529489E+00   0.28803405906428E+00
 0.64867975294916E+01   0.17724015532624E-02   0.27791581267277E-02   0.21516457830662E-02
 0.65209081052341E+01   0.11710225283361E-01   0.11666021439064E-01   0.11123853561840E-01
 0.66096106373223E+01   0.52771803668168E-02   0.45653240727440E-02   0.46975734935943E-02
 0.67803908161891E+01   0.60312055283015E-04   0.16720404603500E-03   0.99616387363832E-04
 0.70165972581272E+01   0.57084076757936E+00   0.48755427607952E+00   0.52737801817548E+00
 0.72027894914048E+01   0.38739654642735E-03   0.43174967070284E-03   0.40826407192611E-03
 0.72224189768491E+01   0.54993217830265E-02   0.52577014820033E-02   0.53482510346857E-02
 0.74119458626728E+01   0.47248662836367E-02   0.22876098058387E-02   0.32825433893313E-02
